
Processer number: 4

n = 10, m = 10
Oringinal array.
1 0 1 0 1 0 1 1 1 0 
0 1 1 0 1 0 1 0 0 1 
0 1 1 0 1 0 1 1 0 1 
1 0 1 0 1 0 1 0 1 0 
1 1 0 1 0 1 1 1 1 1 
1 0 1 1 1 1 0 0 1 0 
0 1 0 0 0 0 0 1 0 1 
1 0 1 1 1 1 0 0 1 0 
0 1 1 1 1 1 0 1 0 1 
1 1 0 1 0 1 0 0 1 1 
id 0: height = 2, m = 10
id 2: height = 2, m = 10
PID 2 received!
id 3: height = 3, m = 10
PID 3 received!
Sended to PID 0!
Sended to PID 1!
Sended to PID 2!
Sended to PID 3!
PID 0 received!

Generation 1 result!!!!!!!!!!!!!!!:
0 0 1 0 0 0 1 1 1 0 
1 0 0 0 1 0 0 0 0 1 
1 0 id 1: height = 3, m = 10
PID 1 received!
0 0 1 0 1 0 0 1 
1 0 0 0 1 0 0 0 0 0 
1 0 0 0 0 0 0 0 0 1 
1 0 0 1 0 1 0 0 0 0 
1 0 0 0 0 0 1 1 0 1 
1 0 0 0 0 1 0 1 0 1 
0 0 0 0 0 0 0 1 0 1 
1 1 0 1 0 1 1 0 1 1 



Generation 2 result!!!!!!!!!!!!!!!:
0 0 0 0 0 0 0 1 1 0 
0 1 0 1 0 0 1 0 0 1 
1 1 0 1 1 0 0 0 0 0 
1 1 0 0 0 1 0 0 0 0 
1 1 0 0 1 0 0 0 0 0 
1 1 0 0 0 0 1 0 1 0 
1 1 0 0 1 1 0 1 0 0 
0 0 0 0 0 0 0 1 0 1 
1 1 0 0 1 1 0 1 0 1 
0 0 0 0 0 0 1 1 1 1 



Generation 3 result!!!!!!!!!!!!!!!:
0 0 0 0 0 0 0 1 1 0 
1 1 0 1 1 0 0 1 1 0 
0 0 0 1 1 1 0 0 0 0 
0 0 0 1 0 1 0 0 0 0 
0 0 1 0 0 1 0 0 0 0 
0 0 1 0 1 0 1 1 0 0 
1 1 0 0 0 1 0 1 0 0 
0 0 0 0 0 0 0 1 0 0 
0 0 0 0 0 1 0 0 0 1 
0 0 0 0 0 1 1 1 0 1 



Generation 4 result!!!!!!!!!!!!!!!:
0 0 0 0 0 0 0 1 1 0 
0 0 1 1 0 1 1 1 1 0 
0 0 0 0 0 1 1 0 0 0 
0 0 1 1 0 1 1 0 0 0 
0 0 1 0 0 1 0 0 0 0 
0 0 1 1 1 0 0 1 0 0 
0 1 0 0 0 1 0 1 1 0 
0 0 0 0 0 0 0 0 1 0 
0 0 0 0 0 1 0 1 0 0 
0 0 0 0 0 1 1 0 1 0 



Generation 5 result!!!!!!!!!!!!!!!:
0 0 0 0 0 0 0 0 1 0 
0 0 0 0 1 1 0 0 1 0 
0 0 0 0 0 0 0 0 0 0 
0 0 1 1 0 0 0 0 0 0 
0 1 0 0 0 1 0 0 0 0 
0 1 1 1 1 1 0 1 1 0 
0 0 1 1 1 0 1 1 1 0 
0 0 0 0 0 0 0 0 1 0 
0 0 0 0 0 1 0 1 1 0 
0 0 0 0 0 1 1 1 0 0 



Generation 6 result!!!!!!!!!!!!!!!:
0 0 0 0 0 0 0 0 0 0 
0 0 0 0 0 0 0 0 0 0 
0 0 0 1 1 0 0 0 0 0 
0 0 1 0 0 0 0 0 0 0 
0 1 0 0 0 1 1 0 0 0 
0 1 0 0 0 0 0 0 1 0 
0 1 0 0 0 0 1 0 0 1 
0 0 0 1 1 1 0 0 0 1 
0 0 0 0 0 1 0 0 1 0 
0 0 0 0 0 1 0 1 1 0 



Generation 7 result!!!!!!!!!!!!!!!:
0 0 0 0 0 0 0 0 0 0 
0 0 0 0 0 0 0 0 0 0 
0 0 0 1 0 0 0 0 0 0 
0 0 1 1 1 1 0 0 0 0 
0 1 1 0 0 0 0 0 0 0 
1 1 1 0 0 1 1 1 0 0 
0 0 1 0 1 1 0 0 1 1 
0 0 0 0 1 1 1 0 1 1 
0 0 0 0 0 1 0 1 1 1 
0 0 0 0 0 0 1 1 1 0 



Generation 8 result!!!!!!!!!!!!!!!:
0 0 0 0 0 0 0 0 0 0 
0 0 0 0 0 0 0 0 0 0 
0 0 1 1 0 0 0 0 0 0 
0 1 0 0 1 0 0 0 0 0 
1 0 0 0 0 0 0 0 0 0 
1 0 0 0 1 1 1 1 1 0 
0 0 1 0 0 0 0 0 0 1 
0 0 0 1 0 0 0 0 0 0 
0 0 0 0 1 0 0 0 0 0 
0 0 0 0 0 0 1 0 0 1 



Generation 9 result!!!!!!!!!!!!!!!:
0 0 0 0 0 0 0 0 0 0 
0 0 0 0 0 0 0 0 0 0 
0 0 1 1 0 0 0 0 0 0 
0 1 1 1 0 0 0 0 0 0 
1 1 0 0 1 0 1 1 0 0 
0 1 0 0 0 1 1 1 1 0 
0 0 0 1 1 1 1 1 1 0 
0 0 0 1 0 0 0 0 0 0 
0 0 0 0 0 0 0 0 0 0 
0 0 0 0 0 0 0 0 0 0 



Generation 10 result!!!!!!!!!!!!!!!:
0 0 0 0 0 0 0 0 0 0 
0 0 0 0 0 0 0 0 0 0 
0 1 0 1 0 0 0 0 0 0 
1 0 0 0 1 0 0 0 0 0 
1 0 0 1 1 0 0 0 1 0 
1 1 1 1 0 0 0 0 0 0 
0 0 1 1 0 0 0 0 1 0 
0 0 0 1 0 1 1 1 0 0 
0 0 0 0 0 0 0 0 0 0 
0 0 0 0 0 0 0 0 0 0 


0) Execution time 0.005702