/home/jchiroto1106/mpi2020/hw4
Wed Nov  4 13:49:42 CST 2020
Oringinal array.
1 0 1 0 1 0 1 1 1 0 
0 1 1 0 1 0 1 0 0 1 
0 1 1 0 1 0 1 1 0 1 
1 0 1 0 1 0 1 0 1 0 
1 1 0 1 0 1 1 1 1 1 
1 0 1 1 1 1 0 0 1 0 
0 1 0 0 0 0 0 1 0 1 
1 0 1 1 1 1 0 0 1 0 
0 1 1 1 1 1 0 1 0 1 
1 1 0 1 0 1 0 0 1 1 
PID 1 Sended!
PID 2 Sended!

Generation 1 result:
PID 1 received!
PID 2 received!
0 0 1 0 0 0 1 1 1 0 
1 0 0 0 1 0 0 0 0 1 
1 0 0 0 1 0 1 0 0 1 
1 0 0 0 1 0 0 0 0 0 
1 0 0 0 0 0 0 0 0 1 
1 0 0 1 0 1 0 0 0 0 
1 0 0 0 0 0 1 1 0 1 
1 0 0 0 0 1 0 1 0 1 
0 0 0 0 0 0 0 1 0 1 
1 1 0 1 0 1 1 0 1 1 



Generation 2 result:
0 0 0 0 0 0 0 1 1 0 
0 1 0 1 0 0 1 0 0 1 
1 1 0 1 1 0 0 0 0 0 
1 1 0 0 0 1 0 0 0 0 
1 1 0 0 1 0 0 0 0 0 
1 1 0 0 0 0 1 0 1 0 
1 1 0 0 1 1 0 1 0 0 
0 0 0 0 0 0 0 1 0 1 
1 1 0 0 1 1 0 1 0 1 
0 0 0 0 0 0 1 1 1 1 



Generation 3 result:
0 0 0 0 0 0 0 1 1 0 
1 1 0 1 1 0 0 1 1 0 
0 0 0 1 1 1 0 0 0 0 
0 0 0 1 0 1 0 0 0 0 
0 0 1 0 0 1 0 0 0 0 
0 0 1 0 1 0 1 1 0 0 
1 1 0 0 0 1 0 1 0 0 
0 0 0 0 0 0 0 1 0 0 
0 0 0 0 0 1 0 0 0 1 
0 0 0 0 0 1 1 1 0 1 



Generation 4 result:
0 0 0 0 0 0 0 1 1 0 
0 0 1 1 0 1 1 1 1 0 
0 0 0 0 0 1 1 0 0 0 
0 0 1 1 0 1 1 0 0 0 
0 0 1 0 0 1 0 0 0 0 
0 0 1 1 1 0 0 1 0 0 
0 1 0 0 0 1 0 1 1 0 
0 0 0 0 0 0 0 0 1 0 
0 0 0 0 0 1 0 1 0 0 
0 0 0 0 0 1 1 0 1 0 



Generation 5 result:
0 0 0 0 0 0 0 0 1 0 
0 0 0 0 1 1 0 0 1 0 
0 0 0 0 0 0 0 0 0 0 
0 0 1 1 0 0 0 0 0 0 
0 1 0 0 0 1 0 0 0 0 
0 1 1 1 1 1 0 1 1 0 
0 0 1 1 1 0 1 1 1 0 
0 0 0 0 0 0 0 0 1 0 
0 0 0 0 0 1 0 1 1 0 
0 0 0 0 0 1 1 1 0 0 



Generation 6 result:
0 0 0 0 0 0 0 0 0 0 
0 0 0 0 0 0 0 0 0 0 
0 0 0 1 1 0 0 0 0 0 
0 0 1 0 0 0 0 0 0 0 
0 1 0 0 0 1 1 0 0 0 
0 1 0 0 0 0 0 0 1 0 
0 1 0 0 0 0 1 0 0 1 
0 0 0 1 1 1 0 0 0 1 
0 0 0 0 0 1 0 0 1 0 
0 0 0 0 0 1 0 1 1 0 



Generation 7 result:
0 0 0 0 0 0 0 0 0 0 
0 0 0 0 0 0 0 0 0 0 
0 0 0 1 0 0 0 0 0 0 
0 0 1 1 1 1 0 0 0 0 
0 1 1 0 0 0 0 0 0 0 
1 1 1 0 0 1 1 1 0 0 
0 0 1 0 1 1 0 0 1 1 
0 0 0 0 1 1 1 0 1 1 
0 0 0 0 0 1 0 1 1 1 
0 0 0 0 0 0 1 1 1 0 



Generation 8 result:
0 0 0 0 0 0 0 0 0 0 
0 0 0 0 0 0 0 0 0 0 
0 0 1 1 0 0 0 0 0 0 
0 1 0 0 1 0 0 0 0 0 
1 0 0 0 0 0 0 0 0 0 
1 0 0 0 1 1 1 1 1 0 
0 0 1 0 0 0 0 0 0 1 
0 0 0 1 0 0 0 0 0 0 
0 0 0 0 1 0 0 0 0 0 
0 0 0 0 0 0 1 0 0 1 



Generation 9 result:
0 0 0 0 0 0 0 0 0 0 
0 0 0 0 0 0 0 0 0 0 
0 0 1 1 0 0 0 0 0 0 
0 1 1 1 0 0 0 0 0 0 
1 1 0 0 1 0 1 1 0 0 
0 1 0 0 0 1 1 1 1 0 
0 0 0 1 1 1 1 1 1 0 
0 0 0 1 0 0 0 0 0 0 
0 0 0 0 0 0 0 0 0 0 
0 0 0 0 0 0 0 0 0 0 



Generation 10 result:
0 0 0 0 0 0 0 0 0 0 
0 0 0 0 0 0 0 0 0 0 
0 1 0 1 0 0 0 0 0 0 
1 0 0 0 1 0 0 0 0 0 
1 0 0 1 1 0 0 0 1 0 
1 1 1 1 0 0 0 0 0 0 
0 0 1 1 0 0 0 0 1 0 
0 0 0 1 0 1 1 1 0 0 
0 0 0 0 0 0 0 0 0 0 
0 0 0 0 0 0 0 0 0 0 



# Time elapsed: 0.002015
